image: rawseeds_0.05.pgm
resolution: 0.05
origin: [-79.863000, -32.720412, 0]
negate: 0
occupied_thresh: 0.65
free_thresh: 0.196

