image: sand_0.05.pgm
resolution: 0.050000
origin: [2.153915, 4.021373, 0.0]
negate: 0
occupied_thresh: 0.65
free_thresh: 0.196

